32 15                                 
 1  2  3  4  5  6  7  8  9  10 11 12 13 14 15 16 1  2  3  4  5  6  7  8  9  10 11 12 13 14 15 16  
 17 18 19 20 21 22 23 24 17 18 19 20 21 22 23 24 25 26 27 28 29 30 31 32 25 26 27 28 29 30 31 32  
 0  0  0  0  0  0  0  0  33 34 35 36 37 38 39 40 33 34 35 36 37 38 39 40 0  0  0  0  0  0  0  0   
 41 42 43 44 41 42 43 44 45 46 47 48 45 46 47 48 49 50 51 52 49 50 51 52 53 54 55 56 53 54 55 56  
 0  0  0  0  57 58 59 60 0  0  0  0  61 62 63 64 57 58 59 60 0  0  0  0  61 62 63 64 0  0  0  0   
 0  0  0  0  65 66 67 68 65 66 67 68 69 70 71 72 69 70 71 72 73 74 75 76 73 74 75 76 0  0  0  0   
 77 78 77 78 79 80 79 80 81 82 81 82 83 84 83 84 85 86 85 86 87 88 87 88 89 90 89 90 91 92 91 92  
 0  0  93 94 0  0  95 96 0  0  97 98 0  0  99 100 93 94 0  0  95 96 0  0  97 98 0  0  99 100 0  0   
 0  0  101 102 0  0  103 104 101 102 105 106 103 104 107 108 105 106 109 110 107 108 111 112 109 110 0  0  111 112 0  0   
 0  0  113 114 113 114 115 116 115 116 117 118 117 118 119 120 119 120 121 122 121 122 123 124 123 124 125 126 125 126 0  0   
 127 127 128 128 129 129 130 130 131 131 132 132 133 133 134 134 135 135 136 136 137 137 138 138 139 139 140 140 141 141 142 142  
 0  143 0  144 0  145 0  146 0  147 0  148 0  149 0  150 143 0  144 0  145 0  146 0  147 0  148 0  149 0  150 0   
 0  151 0  152 0  153 0  154 151 155 152 156 153 157 154 158 155 159 156 160 157 161 158 162 159 0  160 0  161 0  162 0   
 0  163 0  164 163 165 164 166 165 167 166 168 167 169 168 170 169 171 170 172 171 173 172 174 173 175 174 176 175 0  176 0   
 0  177 177 178 178 179 179 180 180 181 181 182 182 183 183 184 184 185 185 186 186 187 187 188 188 189 189 190 190 191 191 0   
                                  
