16 17                 
 1  2  3  4  0  0  0  0  1  2  3  4  0  0  0  0   
 0  0  0  0  5  6  7  8  0  0  0  0  5  6  7  8   
 9  10 11 12 9  10 11 12 0  0  0  0  0  0  0  0   
 0  0  0  0  0  0  0  0  13 14 15 16 13 14 15 16  
 0  0  0  0  17 18 19 20 17 18 19 20 0  0  0  0   
 21 22 21 22 23 24 23 24 0  0  0  0  0  0  0  0   
 0  0  0  0  0  0  0  0  25 26 25 26 27 28 27 28  
 0  0  29 30 0  0  31 32 29 30 0  0  31 32 0  0   
 0  0  33 34 33 34 35 36 35 36 0  0  0  0  0  0   
 0  0  0  0  0  0  0  0  0  0  37 38 37 38 0  0   
 39 39 40 40 41 41 42 42 0  0  0  0  0  0  0  0   
 0  0  0  0  0  0  0  0  43 43 44 44 45 45 46 46  
 0  47 0  48 0  49 0  50 47 0  48 0  49 0  50 0   
 0  51 0  52 51 53 52 54 53 0  54 0  0  0  0  0   
 0  0  0  0  0  0  0  0  0  55 0  56 55 0  56 0   
 0  57 57 58 58 59 59 60 60 0  0  0  0  0  0  0   
 0  0  0  0  0  0  0  0  0  61 61 62 62 63 63 0   
                  
