64 21                                                                 
 1  2  3  4  5  6  7  8  9  10 11 12 13 14 15 16 17 18 19 20 21 22 23 24 25 26 27 28 29 30 31 32 1  2  3  4  5  6  7  8  9  10 11 12 13 14 15 16 17 18 19 20 21 22 23 24 25 26 27 28 29 30 31 32  
 33 34 35 36 37 38 39 40 41 42 43 44 45 46 47 48 33 34 35 36 37 38 39 40 41 42 43 44 45 46 47 48 49 50 51 52 53 54 55 56 57 58 59 60 61 62 63 64 49 50 51 52 53 54 55 56 57 58 59 60 61 62 63 64  
 0  0  0  0  0  0  0  0  0  0  0  0  0  0  0  0  65 66 67 68 69 70 71 72 73 74 75 76 77 78 79 80 65 66 67 68 69 70 71 72 73 74 75 76 77 78 79 80 0  0  0  0  0  0  0  0  0  0  0  0  0  0  0  0   
 81 82 83 84 85 86 87 88 81 82 83 84 85 86 87 88 89 90 91 92 93 94 95 96 89 90 91 92 93 94 95 96 97 98 99 100 101 102 103 104 97 98 99 100 101 102 103 104 105 106 107 108 109 110 111 112 105 106 107 108 109 110 111 112  
 0  0  0  0  0  0  0  0  113 114 115 116 117 118 119 120 0  0  0  0  0  0  0  0  121 122 123 124 125 126 127 128 113 114 115 116 117 118 119 120 0  0  0  0  0  0  0  0  121 122 123 124 125 126 127 128 0  0  0  0  0  0  0  0   
 0  0  0  0  0  0  0  0  129 130 131 132 133 134 135 136 129 130 131 132 133 134 135 136 137 138 139 140 141 142 143 144 137 138 139 140 141 142 143 144 145 146 147 148 149 150 151 152 145 146 147 148 149 150 151 152 0  0  0  0  0  0  0  0   
 153 154 155 156 153 154 155 156 157 158 159 160 157 158 159 160 161 162 163 164 161 162 163 164 165 166 167 168 165 166 167 168 169 170 171 172 169 170 171 172 173 174 175 176 173 174 175 176 177 178 179 180 177 178 179 180 181 182 183 184 181 182 183 184  
 0  0  0  0  185 186 187 188 0  0  0  0  189 190 191 192 0  0  0  0  193 194 195 196 0  0  0  0  197 198 199 200 185 186 187 188 0  0  0  0  189 190 191 192 0  0  0  0  193 194 195 196 0  0  0  0  197 198 199 200 0  0  0  0   
 0  0  0  0  201 202 203 204 0  0  0  0  205 206 207 208 201 202 203 204 209 210 211 212 205 206 207 208 213 214 215 216 209 210 211 212 217 218 219 220 213 214 215 216 221 222 223 224 217 218 219 220 0  0  0  0  221 222 223 224 0  0  0  0   
 0  0  0  0  225 226 227 228 225 226 227 228 229 230 231 232 229 230 231 232 233 234 235 236 233 234 235 236 237 238 239 240 237 238 239 240 241 242 243 244 241 242 243 244 245 246 247 248 245 246 247 248 249 250 251 252 249 250 251 252 0  0  0  0   
 253 254 253 254 255 256 255 256 257 258 257 258 259 260 259 260 261 262 261 262 263 264 263 264 265 266 265 266 267 268 267 268 269 270 269 270 271 272 271 272 273 274 273 274 275 276 275 276 277 278 277 278 279 280 279 280 281 282 281 282 283 284 283 284  
 0  0  285 286 0  0  287 288 0  0  289 290 0  0  291 292 0  0  293 294 0  0  295 296 0  0  297 298 0  0  299 300 285 286 0  0  287 288 0  0  289 290 0  0  291 292 0  0  293 294 0  0  295 296 0  0  297 298 0  0  299 300 0  0   
 0  0  301 302 0  0  303 304 0  0  305 306 0  0  307 308 301 302 309 310 303 304 311 312 305 306 313 314 307 308 315 316 309 310 317 318 311 312 319 320 313 314 321 322 315 316 323 324 317 318 0  0  319 320 0  0  321 322 0  0  323 324 0  0   
 0  0  325 326 0  0  327 328 325 326 329 330 327 328 331 332 329 330 333 334 331 332 335 336 333 334 337 338 335 336 339 340 337 338 341 342 339 340 343 344 341 342 345 346 343 344 347 348 345 346 349 350 347 348 351 352 349 350 0  0  351 352 0  0   
 0  0  353 354 353 354 355 356 355 356 357 358 357 358 359 360 359 360 361 362 361 362 363 364 363 364 365 366 365 366 367 368 367 368 369 370 369 370 371 372 371 372 373 374 373 374 375 376 375 376 377 378 377 378 379 380 379 380 381 382 381 382 0  0   
 383 383 384 384 385 385 386 386 387 387 388 388 389 389 390 390 391 391 392 392 393 393 394 394 395 395 396 396 397 397 398 398 399 399 400 400 401 401 402 402 403 403 404 404 405 405 406 406 407 407 408 408 409 409 410 410 411 411 412 412 413 413 414 414  
 0  415 0  416 0  417 0  418 0  419 0  420 0  421 0  422 0  423 0  424 0  425 0  426 0  427 0  428 0  429 0  430 415 0  416 0  417 0  418 0  419 0  420 0  421 0  422 0  423 0  424 0  425 0  426 0  427 0  428 0  429 0  430 0   
 0  431 0  432 0  433 0  434 0  435 0  436 0  437 0  438 431 439 432 440 433 441 434 442 435 443 436 444 437 445 438 446 439 447 440 448 441 449 442 450 443 451 444 452 445 453 446 454 447 0  448 0  449 0  450 0  451 0  452 0  453 0  454 0   
 0  455 0  456 0  457 0  458 455 459 456 460 457 461 458 462 459 463 460 464 461 465 462 466 463 467 464 468 465 469 466 470 467 471 468 472 469 473 470 474 471 475 472 476 473 477 474 478 475 479 476 480 477 481 478 482 479 0  480 0  481 0  482 0   
 0  483 0  484 483 485 484 486 485 487 486 488 487 489 488 490 489 491 490 492 491 493 492 494 493 495 494 496 495 497 496 498 497 499 498 500 499 501 500 502 501 503 502 504 503 505 504 506 505 507 506 508 507 509 508 510 509 511 510 512 511 0  512 0   
 0  513 513 514 514 515 515 516 516 517 517 518 518 519 519 520 520 521 521 522 522 523 523 524 524 525 525 526 526 527 527 528 528 529 529 530 530 531 531 532 532 533 533 534 534 535 535 536 536 537 537 538 538 539 539 540 540 541 541 542 542 543 543 0   
                                                                  
