16 35                  
 1  2  3  4  5  6  7  8  1  2  3  4  5  6  7  8  0   
 9  10 11 12 9  10 11 12 0  0  0  0  0  0  0  0  0   
 0  0  0  0  13 14 0  0  13 14 0  0  0  0  0  0  0   
 0  15 0  0  0  15 16 17 18 0  16 17 18 0  0  0  0   
 0  0  0  0  19 0  0  0  19 20 21 0  0  20 21 0  0   
 24 25 24 25 0  0  22 0  0  0  22 23 0  0  0  23 0   
 0  0  26 27 26 27 0  0  0  0  0  0  0  0  0  0  0   
 0  0  0  0  28 0  28 0  0  0  0  0  0  0  0  0  0   
 0  0  29 0  29 30 0  30 0  0  0  0  0  0  0  0  0   
 0  0  0  31 0  31 0  0  0  0  0  0  0  0  0  0  0   
 0  32 0  32 0  0  33 34 33 34 0  0  0  0  0  0  0   
 0  0  0  0  0  0  0  0  35 0  35 0  0  0  0  0  0   
 0  0  0  0  0  0  36 0  36 0  0  0  0  0  0  0  0   
 0  0  0  0  37 0  37 0  0  38 0  38 0  0  0  0  0   
 0  0  0  0  0  0  0  39 0  39 40 41 40 41 0  0  0   
 0  0  0  0  0  0  0  0  0  0  0  0  42 0  42 0  0   
 0  0  0  0  0  0  0  0  0  0  43 0  43 0  0  0  0   
 46 46 0  0  0  0  0  0  44 0  44 0  0  45 0  45 0   
 0  47 47 0  0  0  0  0  0  0  0  0  0  0  0  0  0   
 48 48 49 49 0  0  0  0  0  0  0  0  0  0  0  0  0   
 0  0  0  50 50 0  0  0  0  0  0  0  0  0  0  0  0   
 0  0  51 51 0  0  0  0  0  0  0  0  0  0  0  0  0   
 0  52 52 0  53 53 0  0  0  0  0  0  0  0  0  0  0   
 0  0  0  0  0  54 54 0  0  0  0  0  0  0  0  0  0   
 0  0  0  0  55 55 56 56 0  0  0  0  0  0  0  0  0   
 0  0  0  0  0  0  0  57 57 0  0  0  0  0  0  0  0   
 0  0  0  0  0  0  58 58 0  0  0  0  0  0  0  0  0   
 0  0  0  0  0  59 59 0  60 60 0  0  0  0  0  0  0   
 0  0  0  0  0  0  0  0  0  61 61 0  0  0  0  0  0   
 0  0  0  0  0  0  0  0  0  0  62 62 0  0  0  0  0   
 0  0  0  0  0  0  0  0  0  0  0  63 63 0  0  0  0   
 0  0  0  0  0  0  0  0  0  0  0  0  64 64 0  0  0   
 0  0  0  0  0  0  0  0  0  0  0  65 65 66 66 0  0   
 0  0  0  0  0  0  0  0  0  0  0  0  0  0  67 67 0   
 0  0  0  0  0  0  0  0  0  0  0  0  0  68 68 0  0   
                   
